   Compiling ahc025 v0.1.0 (/home/light/kyopro/ahc025)
    Finished dev [unoptimized + debuginfo] target(s) in 0.40s
     Running `target/debug/test a`
683 11008289 2.125 8
469 10619514 2.4891305 21
243 10332788 2.1066666 9
222 10246049 3.4210527 6
274 9930491 3.0408163 8
497 8904513 4.4130435 10
917 8737760 4.1846156 16
412 8707257 2.3898306 13
86 8653161 7.923077 5
990 8409078 2.490566 12
62 8324145 5.138889 5
867 8231499 2.2625 18
774 8178396 2.3285713 16
72 7919512 5.129032 13
833 7835640 2.15625 3
580 7755482 2.632653 12
575 7740534 2.1960785 11
93 7654275 2.1756756 12
713 7619815 2.93617 7
384 7573574 2.392857 8
759 7528893 2.621951 19
809 7040854 9.594595 8
953 7031032 2.4 12
760 7022180 3.875 9
553 7010621 7.2 8
426 6994890 10.580247 16
763 6921179 2.8235295 10
244 6821402 2.4772727 3
221 6819945 3.3823528 16
706 6814924 3.03 21
902 6766373 3.08 8
923 6762236 7.730337 20
949 6734126 2.8804348 16
145 6702824 3.8289473 16
211 6670067 2.878788 16
392 6661261 2.1034484 13
535 6638580 4.5384617 16
137 6495055 2.7831326 19
351 6367946 2.6612904 14
673 6332546 2.92 12
420 6327152 2.0227273 7
95 6308036 3.0576923 9
358 6274495 2.646154 10
602 6257567 8.1875 4
597 6216318 3.1290324 16
43 6215668 2.2613637 17
679 6190174 2.05 6
114 6166492 6.6833334 8
335 6142348 3.109756 17
869 6131995 2.9722223 14
198 6110741 2.945946 17
451 6091233 20.865671 16
636 6067260 4.418605 8
826 6034157 2.2765958 10
878 6031769 2.8 7
61 6027999 4.9565215 10
938 6000453 2.8888888 12
874 5946332 3.106383 9
251 5912358 2.3055556 13
630 5907032 6.7244897 24
492 5904363 10.126582 8
754 5869418 12.96875 8
355 5575983 2.2368422 8
542 5516339 2.6271186 14
939 5512679 7.8 8
8 5506400 5.051282 7
727 5462645 2.8125 8
708 5458636 2.265625 12
193 5439793 3.159091 9
802 5382462 2.3544304 16
171 5363693 2.2592592 5
789 5360349 2.4923077 15
646 5331862 2.3142858 8
661 5292597 3.5238094 20
827 5266362 2.8235295 15
746 5245857 3.8452382 17
356 5217782 2.1403508 8
160 5200925 2.8028169 17
910 5198708 3 12
601 5197736 4.7058825 12
442 5193698 2.9333334 20
152 5169878 2.3650794 15
101 5165396 2.804878 7
916 5164481 3.137931 10
615 5153931 2.8235295 10
540 5135514 2.048387 11
446 5110275 3.4772727 20
379 5103089 3.6585367 18
637 5084895 5.547619 21
346 5054654 26.416666 8
539 5047936 2.5921052 15
301 5021333 5.742857 6
373 5012274 7.1132073 8
976 5004782 3.8072288 20
429 4957939 6.744186 11
815 4907148 18.548388 7
897 4900055 2.8873239 17
479 4883631 14.788236 16
76 4796998 3.65625 7
738 4791201 20.838385 13
45 4744875 6.2280703 11
151 4744412 14.402061 24
437 4722187 4.6666665 8
999 4698334 5 7
968 4648907 3.887097 11
444 4608900 2.7230768 11
832 4602975 3.0860214 23
400 4575605 2.7291667 12
231 4509036 3.59375 6
487 4495549 2.1754386 12
914 4476347 2.5192308 8
899 4423630 2.9152544 14
562 4377009 26.5625 16
530 4365333 2.0810812 3
174 4365259 3.6140351 11
369 4340087 21.697674 8
591 4315854 2.6153846 15
513 4305137 8.736263 11
464 4299459 2.1607144 10
585 4286864 5.2 7
33 4250769 2.8111112 18
38 4246551 7.52809 8
611 4245808 3.2297297 12
790 4221851 6.2727275 9
922 4190405 28.836735 3
310 4156848 2.109589 12
980 4127806 2.5438597 6
63 4065101 9.71875 12
743 4058979 2.6818182 10
701 4051451 2.4857142 15
517 4049511 9.714286 11
848 4030981 7.535714 14
635 3997458 2.6847825 17
475 3987586 7.8378377 9
317 3920812 3.4782608 11
567 3917671 3.3376622 10
122 3905901 2.75 19
871 3884661 6.6043954 16
977 3866399 29.54945 3
528 3864635 2.510204 9
418 3863775 6.028169 3
649 3828302 4.5507245 17
616 3802576 6.59375 21
937 3766618 17.1 16
282 3755256 4.5584416 10
858 3753690 16.06 19
269 3708858 2.7419355 6
736 3695766 5.952381 15
560 3682178 2.525 5
671 3673091 2.4583333 7
150 3671969 22.97647 16
467 3669326 2.9729729 18
474 3667843 13.40625 8
217 3657896 2.0394738 5
207 3654743 8.728813 12
934 3649024 4.5581393 10
481 3637302 2.6 7
378 3636850 2.4871795 2
604 3608600 5.887755 18
507 3579705 3.1704545 13
704 3555026 4.1707315 10
41 3525345 3.25 9
130 3521502 2.371134 14
180 3512719 10.372093 18
742 3504144 7.428571 19
617 3500762 19.897959 12
391 3472271 4.7083335 16
682 3458365 3.796875 3
106 3434435 5.081081 17
218 3431001 2.9268293 18
430 3409659 4.762712 6
107 3394429 4.4166665 5
624 3393240 3.4655173 11
911 3380895 4.505618 22
348 3379903 6.181818 11
983 3378431 6.7222223 8
290 3371915 6.35 8
49 3369770 5.1182795 12
315 3368141 2.2857144 11
24 3367478 11.857142 12
340 3364258 4.909091 24
956 3342538 3.4086022 9
498 3301635 7.40625 16
230 3299436 2.6375 4
200 3297621 18 12
436 3271133 11.22093 8
280 3261964 30.282352 13
582 3261722 2.64 7
779 3253044 2.0421052 8
165 3235251 4.9166665 11
37 3214995 4.4418607 21
700 3210861 3.8169014 15
755 3207810 8.3 6
587 3183568 5.0677967 10
96 3176648 7.59322 13
571 3145167 25.311687 3
5 3144026 4.8095236 10
172 3128525 14.343284 16
712 3116360 8.093333 16
59 3094949 3.1470587 8
696 3093963 24.212122 7
395 3032176 6.3018866 9
590 3014745 3.234375 12
538 3009660 14.462687 13
677 2986802 13.704545 11
167 2986098 2.175 7
359 2979421 9.439024 6
782 2971836 2.536232 15
350 2964940 8.088235 3
714 2962292 9.826087 7
992 2955994 23.595238 8
163 2954238 3.4536083 9
570 2933894 2.24 4
948 2930758 29.547619 4
777 2928074 3.7922077 16
951 2926143 2.2117648 7
514 2925588 20.469387 12
609 2917569 2.27451 7
313 2910706 5.3333335 9
702 2865688 5.0972223 10
907 2858603 6.4069767 15
212 2847662 7.2777777 6
964 2847612 2.2950819 4
34 2839648 13.0625 8
312 2836934 13.337838 3
298 2817678 7.3493977 17
409 2806496 5.95 4
577 2784455 5.987013 19
730 2770174 2.1333334 10
994 2753649 2.4782608 9
583 2750093 4.25 7
954 2746384 2.0434783 6
225 2733462 2.9756098 10
574 2733457 25.654762 16
183 2727469 4.7244897 16
979 2725762 7.568182 6
559 2723363 13.409638 11
785 2722023 7.6923075 13
648 2701592 8.197531 16
364 2689607 18.84091 11
320 2676729 4.7941175 15
476 2666711 2.6702127 13
653 2665689 9.328359 14
159 2665397 3.1891892 5
98 2652770 2.7567568 14
480 2648128 2.4264705 4
247 2647572 4.214286 7
143 2640240 7.820513 11
788 2626974 3.9705882 7
595 2613561 6.7471266 4
17 2610414 2.2558138 6
845 2600962 3.1929824 3
360 2595700 27.604166 12
593 2585974 8.505618 21
823 2583982 3.7093024 5
919 2558006 24.463917 23
786 2557650 9.806452 18
308 2551298 3.4133334 15
307 2546497 2.5882354 6
828 2531791 10.638298 15
718 2530613 7.3098593 15
921 2522227 2.1842105 7
135 2517896 4.32 15
238 2516312 12.255814 7
15 2504770 6.1363635 11
884 2496994 2.4 5
105 2479446 3.25 3
449 2468679 3.4423077 10
987 2467612 13.5074625 15
631 2448529 20 11
226 2434742 17.25532 3
389 2432461 6.525 16
234 2429455 2.7454545 7
765 2403245 21.1 6
721 2402331 4.8955226 12
53 2401991 2.6557376 5
466 2390008 3.5833333 9
521 2388233 5.814433 19
404 2386273 7.35 10
966 2357340 10.071428 6
184 2346180 12.2972975 12
239 2342986 6.151515 6
468 2322566 13.101695 14
309 2320073 14.229508 12
119 2318829 2.4054055 5
216 2317854 4.814815 16
516 2316340 12.548388 14
925 2304561 3.451613 5
771 2299013 5.606383 18
245 2278809 12.774194 19
900 2256370 12.377358 5
28 2247165 2.825 7
424 2247078 14.696202 19
500 2242527 28.264706 4
477 2242114 3.227848 14
27 2230466 9.186047 8
918 2224941 4.6551723 11
618 2222379 2.0677967 7
296 2218655 4.609756 15
552 2216995 5.6103897 3
488 2194718 11.378378 4
382 2193971 2.7380953 6
97 2193926 5.481928 12
341 2182977 2.4772727 5
265 2182204 8.30337 4
319 2178716 4.301587 14
787 2176719 8.90625 3
504 2169277 13.25 10
69 2162433 22.244444 8
819 2152442 3.0133333 10
279 2150793 17.023256 9
703 2148217 8.441176 3
818 2145124 8.461538 19
758 2144480 3.2837837 14
25 2143929 10.090909 23
628 2136159 8.461538 8
365 2135962 7.8024693 14
669 2133278 2.5757575 12
304 2133113 3.7826087 6
493 2130597 10.671641 13
77 2130300 26 22
345 2125979 3.0333333 6
146 2125005 10.716981 3
169 2118024 9.918605 18
772 2103626 10.3052635 18
959 2103358 6.326316 23
459 2098264 5.959596 4
629 2089435 5.12766 6
116 2088241 2.0151515 11
294 2087966 2.2164948 7
349 2087965 4.1842103 9
603 2083101 2.4492753 2
620 2082985 17.338236 9
849 2078536 26.520409 24
903 2071507 8.282609 11
757 2057461 11.965517 11
484 2056547 12.145833 3
64 2045195 15.255814 3
642 2043944 7.9038463 5
270 2039401 3.0689654 2
344 2030226 9.407408 9
944 2026576 2.6 8
202 2023084 11.133333 7
859 2022783 29.38889 13
381 2017847 2.7634408 6
880 2012012 15.072917 24
1 1989680 20 6
472 1980404 18.17284 15
988 1979982 9.679487 15
396 1974117 8.408163 12
545 1972789 2.75 5
190 1970566 19.202532 19
986 1949528 4.4605265 13
894 1945746 25.774193 11
417 1943568 7.0819674 4
904 1931506 16.290697 20
434 1927371 15.488095 17
227 1924656 19.714285 17
286 1905273 15.697675 15
240 1898616 7.529412 17
955 1895750 10.5161295 2
232 1894643 13.154929 17
80 1894538 5.8433733 4
691 1894274 10.159091 7
489 1889401 7.4897957 11
573 1884494 2.9705882 9
842 1878976 12.424242 19
499 1876042 3.7142856 13
881 1866819 18.229166 21
993 1861500 10.344828 14
834 1859910 2.419355 4
271 1858317 12.457143 6
685 1857119 17.43678 20
975 1850221 3.2 4
644 1835703 12.680851 10
131 1835499 5.4533334 14
439 1831368 12.826087 10
892 1829510 2.7894738 8
318 1827772 23.87755 21
974 1825386 10.081633 11
268 1822108 2.4285715 7
523 1818627 28.918919 3
156 1817024 8.820513 5
901 1813277 3.7843137 8
716 1808402 6.5609756 9
60 1802199 6.9473686 6
676 1801825 6.612245 21
947 1801524 8.051282 3
518 1800621 2.1818182 5
896 1800500 3.3838384 11
627 1799967 30.632912 11
756 1794076 5.7 8
996 1791463 3.5517242 8
291 1789534 2.5531914 10
253 1788523 2.9534883 6
931 1781201 3.8285713 2
186 1778874 22.633333 3
236 1777469 24.535353 15
762 1767702 3.921875 13
102 1748132 9.161765 9
608 1740077 5.4888887 10
801 1739629 25.556818 11
483 1735915 11.15625 17
508 1729522 14.56 11
882 1727621 3.698795 11
645 1718906 7.0307693 14
906 1718333 13.01 24
839 1712296 8.6081085 17
419 1711012 7.7613635 15
957 1710334 16.071428 9
745 1699757 15.36 18
665 1698390 16.25 6
328 1690932 3.8888888 14
640 1688456 3.6666667 6
711 1676788 3.290909 5
548 1666728 17.368422 13
888 1663052 10.166667 12
383 1652601 3.142857 2
20 1641884 21.572916 20
550 1630273 24.466667 16
877 1629337 4.3012047 8
415 1626893 12.942857 5
795 1625714 2.56383 7
511 1622442 6.518072 19
852 1615591 14.37234 16
302 1614224 2.7555556 5
890 1610334 5.3333335 11
246 1608782 23.652632 8
820 1591618 3.4054055 6
454 1574271 7.2526317 9
29 1572825 19.76389 17
179 1565402 10.768116 15
138 1561731 6.7906976 6
204 1561367 14.57 6
210 1556284 9.623188 11
529 1552216 24.557692 9
56 1552179 19.097826 12
124 1547112 12.014925 10
19 1546706 14.414634 10
750 1545814 28.516853 21
963 1544773 22.525253 17
421 1539900 3.4487178 11
91 1536750 31.864864 12
861 1534316 17.205128 4
252 1526350 19.244444 8
371 1526152 24.257576 14
695 1524061 23.648352 3
74 1521751 5.631579 7
739 1519259 17.163935 14
331 1513291 11.935484 6
213 1511231 5.733333 5
767 1505062 5.8055553 4
561 1504086 3.764706 6
455 1503504 3.140845 3
321 1501342 13.744186 8
926 1494371 6.8985505 13
889 1488637 6.888889 4
133 1487709 23.710526 6
316 1487382 23.532608 23
272 1487110 3.7575758 5
70 1482779 4.7959185 6
632 1481044 6.522388 3
462 1479894 2.797619 7
578 1469923 16.087719 10
325 1469101 10.541667 2
401 1467118 5.779412 5
403 1466391 9.639535 5
506 1460805 10.160714 13
726 1460377 11.67347 21
501 1455268 8.174603 6
256 1455126 6.55 9
242 1453020 9.414634 5
970 1449301 3.84375 2
613 1446371 17.935484 17
423 1445193 16.464285 3
117 1441574 7.0571427 13
100 1441251 6.0128207 17
127 1435825 12.439024 9
153 1432606 3.9113925 13
850 1425988 2.5714285 7
13 1422603 18.346153 13
932 1416305 13.8714285 5
675 1415323 2.6511629 8
4 1409266 10.116279 9
991 1404681 3.7906976 4
9 1399595 16.09091 12
456 1396929 9.323233 16
132 1394966 18.354166 9
228 1394253 18.232557 4
311 1393508 12.605263 7
667 1389858 13.096774 3
463 1389170 28.903225 23
796 1387123 9.514706 17
840 1386799 13.23 8
634 1386029 2.936508 10
998 1384434 13.582089 13
865 1379538 2.6585367 4
594 1377377 23.717173 10
647 1370190 4.8958335 8
589 1363135 7.5925927 4
719 1355487 7.866667 8
816 1353139 31.544445 13
698 1350309 2.881356 3
408 1346230 2.2666667 8
775 1346121 2.6065574 7
995 1344790 20.057972 15
807 1344461 11.25 4
57 1338728 2.0833333 3
175 1323681 25.11111 17
120 1316685 22.942858 3
831 1309080 14.090909 4
776 1297987 7.269231 10
173 1291596 7.8433733 17
599 1279506 13.846154 15
780 1277822 10.119047 20
142 1276983 2.21875 5
149 1276652 5.2702703 9
868 1275592 27.586956 8
263 1273821 6.451613 4
113 1272201 7.0793653 12
761 1272075 10.12 3
82 1266470 5.382979 7
945 1266429 24.9375 6
663 1265824 17.833334 6
541 1264892 15.520833 7
224 1264394 30.536585 13
322 1260864 20.232557 7
491 1258177 22.986666 13
770 1247676 15.705882 12
273 1247350 3.2098765 12
997 1242045 11.694118 19
73 1241505 6.12 5
229 1240614 7.0857143 4
486 1239428 6.5 4
275 1237909 13.894737 14
129 1235569 5.3404255 9
734 1234487 8.430769 10
88 1231934 7.5666666 5
445 1231108 16.432432 4
353 1228514 26.397959 21
537 1223897 11.05 13
846 1223624 17.884058 4
375 1210859 7.4333334 7
854 1210386 2.676923 9
197 1204786 10.22807 13
797 1197255 3.090909 5
289 1194857 9.240506 7
812 1194849 29.659575 10
363 1194074 11.6875 5
452 1191206 21.746666 17
255 1190701 2.301205 2
524 1187356 11.482142 9
166 1185502 8.056338 15
223 1185385 5.2537313 10
11 1176606 5.762712 13
278 1175558 20.87324 7
512 1171409 2.9375 3
928 1170173 26.280703 8
32 1169213 4.2394366 8
410 1168629 15.096774 14
915 1168415 3.1630435 3
652 1163874 8.064102 4
92 1163091 18.113207 9
694 1161013 5.7936506 10
111 1153985 3.490909 11
52 1153564 3.152174 6
39 1153291 3.5081968 4
885 1150270 11 8
633 1141393 10.543478 20
89 1140955 27.966291 13
94 1140101 30.439394 2
764 1139112 7.6 9
380 1137611 29.886793 7
720 1136473 11.130953 14
752 1134081 5.5925927 8
563 1133616 23.913044 4
862 1132668 25.76923 7
596 1130158 7.9772725 9
431 1126669 29.170732 7
940 1125849 15.753425 11
930 1121094 16.363636 4
678 1112957 27.295454 7
863 1110444 6.542857 3
893 1108081 19.477272 3
81 1102197 18.83721 18
303 1099525 19.61017 4
196 1099321 2.8235295 6
982 1094235 2.313433 3
21 1092929 30.41573 17
182 1090217 4.4526315 12
733 1087326 28.792683 5
534 1084824 31.45679 9
473 1079435 16.767857 4
428 1068625 7.3950615 7
195 1063063 3.0120482 9
425 1059300 24.466667 7
377 1058250 3.0192308 6
176 1054432 10.407895 8
556 1054227 8.555555 7
984 1054181 2.5301204 5
735 1051816 2.4615386 7
614 1049927 18.071428 12
376 1049483 23.173914 6
235 1047990 17.872093 15
457 1042801 8.727273 2
249 1042710 3.7765958 8
737 1036903 6.4545455 10
655 1027501 12.226415 2
654 1026804 7.3404255 8
78 1025707 3.4285715 8
935 1014537 31.376345 23
971 1010581 7.7789474 7
284 1010364 14.903226 6
810 1002384 18.372093 10
515 1002113 7.2125 13
660 1000801 5.388889 2
206 997201 7.8539324 2
398 990505 15.923077 8
543 990066 12.967033 6
354 989195 13.644068 14
47 988835 5.559322 12
260 986150 5.9270835 2
544 985663 2.918033 7
465 974864 2.4666667 3
177 971370 8.686567 6
766 962861 25.714285 11
416 962848 6.0612245 8
794 960312 8.132075 4
920 959750 4.5128207 2
413 958251 16.854546 4
393 957126 30.436619 15
209 956785 5.075949 15
792 955501 5.2604165 2
338 955201 2.6857142 2
844 951954 2.857143 3
639 946384 6.712766 18
744 943182 7.3846154 6
547 941898 5.428571 9
793 941355 26.507246 15
681 938866 23.064516 21
448 937901 4.9428573 2
90 933314 5.8405795 11
490 930531 8.636364 9
14 926800 11.36 11
769 924436 3 5
199 921955 5.9375 9
689 919127 15.225806 23
347 907710 5.2 6
557 907123 14.509804 4
461 900587 27.766666 3
749 897295 27.727272 6
814 891563 3.0666666 7
952 889110 6.9428573 7
414 888800 31.73494 5
258 888423 11.132653 19
857 887164 23.265957 21
361 886280 4.03125 5
208 884750 3.6 2
155 879322 13.125 15
584 878752 31.48 4
972 878181 9.306123 12
650 870386 14.231884 3
402 865807 4.0434785 7
905 865049 15.714286 13
334 863538 2.4558823 3
622 862959 4.3965516 7
22 858850 9.45 2
781 857615 5.4210525 3
259 855345 5.0851064 9
969 849598 12.0125 18
214 847669 17.452381 9
958 845865 7.693182 11
909 840510 25.842857 9
658 838021 23.5 3
7 832382 3.721519 5
352 832314 13.153846 11
220 830550 29.010988 14
406 829223 16.741177 15
85 826865 14 22
292 822799 2.390244 4
36 822259 6.3703704 6
709 819250 2.0555556 2
478 818663 21.180851 21
555 813753 22.842857 4
248 812169 14.219178 14
362 808956 8.366667 4
187 808416 19.745098 8
83 807904 4.112676 5
287 805773 26.484375 3
625 805286 25.85965 4
962 801557 5.8 3
40 799367 9.761905 5
672 796861 7.880597 9
342 794850 9.818182 2
610 792517 22 13
58 791601 29.938776 8
825 785375 13.190476 3
509 784101 5.242424 2
147 783401 20.7375 2
293 779602 18.838385 5
188 779058 30.227272 9
42 774335 28.574713 9
31 773850 4.3050847 2
607 773026 2 3
435 766878 22.89 23
104 764320 11.414142 13
532 762327 7.225806 6
51 762031 11.888889 6
813 757012 9.806452 7
67 754970 30.014286 11
35 751805 4.9166665 6
300 750487 14.28125 7
254 747965 2.375 6
157 746120 3.8607595 10
10 741678 26 10
510 740936 27.9625 7
692 740101 18.055555 3
664 739940 11.896907 15
71 735275 27.462963 3
387 734874 3.6 3
441 733543 3.6777778 6
853 732255 2.2567568 4
526 731403 14.648149 7
367 726239 9.844444 8
806 724227 7.520408 8
883 722954 23.392405 17
123 720950 4.4367814 2
366 716337 30.42 5
729 712281 3.9390244 10
189 712129 2.0666666 5
170 711933 18.030304 4
471 711296 29.101265 18
276 709848 6.402174 14
527 704777 8.9375 9
581 697348 5.882353 6
201 696953 20.67742 6
773 687370 24.34091 7
586 682142 21.657894 12
879 679645 16.382978 8
12 674602 15.493506 13
144 667131 10.326316 13
670 665374 2.7894738 4
336 660161 7.5675673 4
87 657301 2.1551723 2
185 656623 12.014925 6
605 656311 4.7395835 10
851 656159 7.9259257 4
723 655805 4.9333334 7
314 655105 13.505155 10
804 654214 29.870968 7
385 648120 2.5 3
181 645618 10.25 8
725 645350 5.3023257 2
55 640026 8.48718 6
549 639770 3.7179487 3
411 637937 20 3
299 635077 23.193548 3
285 634389 24.757143 11
329 632058 21.39785 17
641 626673 17.846153 5
324 620243 30.16092 8
748 620035 5.3965516 5
18 619136 15.117647 9
305 616865 4.769231 3
343 616615 6.3880596 7
178 614582 12.487804 10
784 611706 17.466667 14
875 609229 5.362319 13
262 607825 4.5263157 7
866 603250 6.181818 2
598 590965 11.157895 7
643 586721 27.512196 10
333 585319 11.245902 5
870 584086 2.032258 3
536 577373 5.5740743 6
864 574770 21.554216 10
99 573350 14.9375 2
438 571216 20.27451 6
697 569101 23.083334 2
838 563508 3.92 8
898 556801 4.5365853 2
139 554950 10.653061 2
405 554301 20.28125 2
860 551572 10.204545 7
103 550126 10.195652 7
110 547496 28 3
960 546136 19.306122 8
267 544709 10.025641 6
30 542143 5.5405407 3
327 541690 28.216217 7
967 535899 24.354166 11
943 526622 9.614458 5
693 526096 5.75 3
264 522401 3.40625 2
623 514349 2.3454545 4
656 512077 3.9636364 7
690 511950 4.090909 2
148 510849 23.52459 5
836 507913 26.767443 6
933 506286 16.615385 4
136 501789 3.2972972 4
855 498503 5.06383 5
283 496161 3.9 5
84 493411 21.588236 5
128 492100 15.470589 6
126 490863 8.489583 7
856 490449 8 6
961 490274 9.77551 10
722 489583 10.75 5
458 487783 3.5306122 6
433 487750 4.731707 2
699 486487 5.2380953 7
710 482681 27.13 4
715 481857 3.66 9
835 479775 17.092592 9
666 479395 27.76923 8
876 479018 23.293333 6
495 477523 8.867925 5
805 474495 29.595745 7
323 472742 6.4615383 3
662 470101 4.2588234 2
505 468979 23.73913 6
572 464080 15.757576 8
941 460192 7.744681 7
141 457032 19.873564 19
158 456354 20.796297 6
337 451717 2.875 5
65 451112 4.519231 5
946 447897 16.232323 8
799 444244 8.423077 4
519 443201 2.75 2
162 442086 4.8142858 11
800 440398 8.169492 7
23 439920 18.118645 6
397 436366 19.431818 5
241 432378 8.84375 5
485 426935 24.142857 13
576 425943 16.77551 13
824 425030 7.204819 9
965 421939 9.773585 10
407 419453 2.8 5
388 416944 12.8 5
194 416599 5.4117646 5
522 415708 4.0571427 6
612 411835 30.809525 8
740 410135 4.7462687 3
295 407308 30.97647 17
531 406950 4.982143 2
724 405067 5.3421054 3
372 403493 3.2688172 7
924 402538 23.42623 10
48 402207 21.907408 7
619 400915 20.196428 3
803 399086 7.34375 6
339 397038 6.888889 3
191 395020 26.455555 10
981 391486 6.618421 9
873 391250 21.722221 2
306 390655 7.1086955 3
564 382195 8.363636 7
741 378903 7.735849 4
674 377546 7.509091 4
54 375005 8.055555 9
257 372151 16.034483 10
2 367017 21.372341 5
717 364301 5.571429 2
588 361580 13.78 9
684 359445 28.21875 6
482 353465 13.657143 4
140 352061 11.133333 7
237 351474 6.177778 6
847 350301 2.107143 2
808 350148 25.3 9
288 347401 11.2972975 2
686 343552 13.671429 9
3 342939 28.6 6
551 341801 6.4390244 2
638 337907 5.5348835 5
108 337055 8.363636 9
973 326859 13.94186 4
668 323301 4.840909 2
886 320923 25.736841 3
912 315701 26.448277 2
460 315317 10.983334 7
565 313437 15.438597 6
109 308788 4.16 4
747 305466 13.354838 6
533 293243 2.49 5
168 291977 19.898735 9
705 291782 6.675 9
978 282051 5.547619 7
44 280839 15.67347 13
161 276350 13.774194 5
115 273235 18.59375 4
390 266942 12.386364 5
895 265386 23.489796 7
811 260501 13.306666 2
134 260050 8.870968 2
822 257559 15.589286 7
830 257101 8.872727 6
502 253392 29.558441 6
688 252471 2.4533334 6
558 251501 7.338983 2
79 247476 26.352942 4
46 246391 19.11111 3
447 245451 25.337662 14
112 244101 17.452381 2
66 241953 6.025 9
837 241062 3.6393442 5
929 238137 21.948454 10
566 231263 5.571429 8
554 230172 11.219512 7
520 225801 13.105883 2
707 225765 18.1875 6
164 220061 12.361111 7
422 219493 4.1355934 6
203 217424 10.532258 5
118 213001 26.765306 2
751 212026 11.202899 5
277 211704 25.722221 6
192 205667 8.448276 4
728 204402 7.1578946 3
525 198989 4.27907 6
791 197645 24.654322 3
887 196897 4.948718 3
843 190301 8.972222 2
927 189122 20.973684 5
470 186247 2.942029 3
494 185001 5.7413793 2
219 184952 23.842857 6
592 184516 15.83871 4
621 181288 25.11111 5
503 180629 12.551724 8
908 175101 5.5 2
443 174383 21.11111 5
891 174090 26.140625 7
330 173401 6.090909 2
600 172537 2.397436 4
453 170099 18.424242 4
817 169750 29.944445 2
16 167811 4.911111 4
651 167769 6.622951 4
427 167591 7.980392 6
326 164916 2.6666667 3
233 161697 5.0147057 6
26 160150 14 2
942 159594 20.23077 6
798 158649 9.12 7
626 157674 28.25 6
261 155667 21.726027 10
950 153304 17.857143 5
841 150650 28.289856 2
872 149901 12.810811 2
370 136101 12.194445 2
579 132001 29.628204 2
250 131627 12.985294 5
496 129718 25.207546 5
357 129443 27.197184 4
989 129158 2.987805 5
266 127756 5.2028985 4
778 126050 27 2
386 125806 9.817073 9
215 117625 15.421687 11
546 117323 8.952381 4
657 116401 13.173077 2
121 110169 10.322222 3
68 109550 5.243243 2
768 106570 14.816326 4
829 106550 24.9 2
680 101501 10.148936 2
783 99750 21.913794 2
753 87650 29.439394 2
568 87601 5.78125 2
75 86101 6.642857 2
205 83064 14.760417 7
821 79608 21.772728 4
569 79361 9.48 5
985 69525 22.213116 4
732 67150 6.2 2
125 65750 17.568628 2
332 59550 7.28125 2
281 53550 24.875 2
432 50401 23.25 2
154 49350 5.1764708 2
297 45858 29.355556 4
731 45645 13.810811 3
0 37050 4.129032 2
450 36501 5.675 2
50 32836 18.181818 4
687 29323 13.961538 4
936 22701 28.722221 2
399 21462 2.2736843 3
368 20917 2.6388888 3
606 17601 9.448718 2
913 16650 27.535212 2
394 15450 26.22619 2
6 14401 5.3230767 2
440 13110 8.536586 3
374 5701 13.25532 2
659 1401 11.485294 2
# average score: 1960341
