400
1205 7 9 1
1351 7 11 1
1939 0 19 1
2521 6 9 1
2979 7 10 1
297 0 18 1
1183 1 19 1
1492 5 9 1
1778 6 10 1
2847 6 12 1
2954 0 9 1
3823 0 17 1
4033 1 18 1
1392 4 9 1
4851 5 10 1
4960 5 12 1
334 6 11 1
620 0 10 1
851 0 16 1
3204 1 9 1
441 1 17 1
1640 3 9 1
1849 4 10 1
2034 5 11 1
3550 15 19 1
3727 19 19 1
4768 0 11 1
769 0 15 1
1993 1 10 1
4554 1 16 1
2003 2 9 1
2195 2 17 1
3779 3 10 1
4179 4 11 1
4817 15 18 1
942 16 19 1
4244 18 19 1
4709 19 18 1
475 0 12 1
2485 0 14 1
2558 1 11 1
4539 1 15 1
1192 2 10 1
2714 2 16 1
3158 3 11 1
3829 15 17 1
4009 16 18 1
4090 17 19 1
4971 18 18 1
518 19 11 1
2318 0 13 1
2564 1 12 1
2832 1 14 1
3360 2 11 1
3557 2 15 1
3815 16 17 1
4108 17 18 1
4447 18 11 1
2238 19 12 1
2507 1 13 1
3166 2 12 1
3922 2 14 1
3923 17 17 1
4291 18 12 1
1091 19 13 1
3096 19 17 1
3799 2 13 1
4470 2 19 1
4666 3 12 1
401 17 12 1
878 17 16 1
898 18 13 1
2283 18 17 1
2950 19 14 1
3921 19 16 1
1744 2 18 1
2104 3 13 1
3551 3 15 1
4454 3 19 1
261 4 12 1
1080 5 19 1
1268 16 12 1
1373 17 13 1
2219 18 14 1
3488 18 16 1
4565 19 15 1
4665 3 14 1
4848 3 18 1
4909 4 13 1
4931 4 19 1
206 5 18 1
1336 14 19 1
1705 15 12 1
1861 16 13 1
1984 17 14 1
2362 18 15 1
4014 19 0 1
424 19 10 1
646 3 17 1
1437 4 14 1
2596 4 18 1
2880 5 13 1
2931 5 17 1
3500 13 19 1
4816 14 12 1
400 14 18 1
499 15 13 1
1244 16 14 1
1583 16 16 1
1779 17 15 1
1907 18 0 1
3490 18 10 1
4318 19 1 1
1631 19 9 1
2099 3 16 1
2111 4 15 1
2250 4 17 1
3243 5 14 1
3894 6 13 1
4242 6 19 1
4 12 19 1
840 13 0 1
1364 13 4 1
1919 13 12 1
3341 13 18 1
4140 14 13 1
345 14 17 1
411 15 14 1
1194 15 16 1
1486 16 15 1
1529 17 0 1
1732 18 1 1
1762 18 9 1
2149 19 2 1
3472 19 8 1
3549 4 16 1
3926 5 15 1
4138 6 14 1
4702 6 18 1
830 7 19 1
966 11 19 1
1509 12 18 1
1757 13 1 1
2570 13 3 1
4081 13 13 1
4729 13 17 1
1435 14 0 1
1602 14 4 1
2107 14 14 1
2123 14 16 1
2781 15 15 1
4013 16 0 1
4590 17 1 1
558 17 9 1
951 18 2 1
1553 18 8 1
2173 19 3 1
3140 19 7 1
3400 5 16 1
3465 6 15 1
4734 6 17 1
4843 7 18 1
3272 8 19 1
3638 10 19 1
3750 11 18 1
3958 12 13 1
4031 12 17 1
4038 13 2 1
2691 13 14 1
3038 13 16 1
3789 14 1 1
440 14 3 1
1006 14 7 1
1213 14 15 1
1410 15 0 1
1677 16 1 1
1951 17 2 1
2600 17 8 1
3374 18 3 1
251 18 7 1
310 19 4 1
412 19 6 1
711 6 16 1
3530 7 17 1
170 8 18 1
1542 9 19 1
1803 10 18 1
1880 11 17 1
2464 12 14 1
2754 12 16 1
3010 13 15 1
3164 14 2 1
31 14 6 1
752 15 1 1
812 15 7 1
1079 16 2 1
1925 17 3 1
3525 17 7 1
4386 18 4 1
628 18 6 1
1141 19 5 1
1237 7 16 1
1958 8 17 1
2910 9 18 1
4472 10 17 1
4537 11 14 1
4587 11 16 1
4696 12 15 1
4820 15 2 1
394 15 6 1
2808 16 3 1
3655 16 7 1
4275 17 4 1
337 17 6 1
1013 18 5 1
1884 7 15 1
2257 8 16 1
3846 9 17 1
3885 10 14 1
4346 10 16 1
4754 11 15 1
1335 15 3 1
1459 16 4 1
2377 16 6 1
4127 16 8 1
15 17 5 1
818 17 11 1
978 7 14 1
1752 8 15 1
1910 9 16 1
3173 10 15 1
3444 15 4 1
4606 15 8 1
350 16 5 1
442 16 9 1
2773 16 11 1
3836 17 10 1
3849 7 13 1
41 8 14 1
772 9 15 1
1608 11 13 1
3441 15 5 1
3714 15 9 1
4739 15 11 1
427 16 10 1
904 7 12 1
3562 8 13 1
4176 9 14 1
573 10 13 1
1570 11 12 1
3733 14 5 1
4293 14 11 1
4460 15 10 1
4732 8 12 1
655 9 13 1
1446 10 12 1
2211 11 11 1
2665 12 12 1
3181 13 5 1
3736 13 11 1
4152 14 10 1
4154 8 11 1
1771 9 12 1
1897 10 11 1
1986 12 5 1
2460 12 11 1
2576 13 6 1
3174 13 10 1
102 14 9 1
992 8 10 1
1029 9 11 1
2669 12 6 1
2695 12 10 1
2030 13 7 1
2312 13 9 1
2911 14 8 1
3670 8 9 1
3990 9 10 1
4317 11 10 1
4769 12 7 1
1333 12 9 1
2427 13 8 1
2862 9 9 1
3340 10 10 1
4206 11 5 1
14 11 7 1
2412 11 9 1
3268 12 8 1
3493 10 5 1
1940 10 9 1
3343 11 6 1
3741 11 8 1
814 9 5 1
2266 10 6 1
2747 10 8 1
4097 9 6 1
4748 9 8 1
4811 10 7 1
155 8 8 1
927 9 7 1
3133 7 8 1
3254 8 7 1
4349 0 0 1
4721 0 4 1
166 0 8 1
880 6 8 1
1523 7 7 1
1578 8 6 1
1690 0 1 1
1967 0 5 1
2209 0 7 1
2658 1 0 1
2968 1 4 1
3935 1 8 1
173 5 0 1
2394 5 8 1
2657 6 7 1
647 7 6 1
2645 0 2 1
146 0 6 1
1179 1 1 1
2486 1 5 1
2944 1 7 1
3864 2 0 1
648 2 8 1
1274 4 0 1
2378 4 8 1
2599 5 1 1
3891 5 7 1
3975 6 6 1
4289 0 3 1
4813 1 2 1
429 1 6 1
637 2 1 1
3691 2 7 1
654 3 0 1
1858 3 8 1
1947 4 1 1
3600 4 7 1
4860 5 2 1
785 5 6 1
1665 1 3 1
2421 2 2 1
3206 2 6 1
4236 3 1 1
4620 3 7 1
4875 4 2 1
2845 4 6 1
3212 2 3 1
3371 2 5 1
3909 3 2 1
1488 3 6 1
1780 2 4 1
2430 3 3 1
2490 3 5 1
2849 3 4 1
2867 4 3 1
3618 4 5 1
4408 4 4 1
4717 5 3 1
1709 5 5 1
4008 5 4 1
617 6 3 1
911 6 5 1
4714 6 0 1
4978 6 4 1
125 7 5 1
222 6 1 1
994 7 0 1
2902 7 4 1
2956 8 5 1
3176 6 2 1
3297 7 1 1
4560 7 3 1
1933 8 0 1
2180 8 4 1
2722 12 4 1
3337 7 2 1
3598 8 1 1
3671 8 3 1
4427 9 4 1
612 11 4 1
1146 12 3 1
1516 8 2 1
4022 9 3 1
1246 10 4 1
1647 11 3 1
2592 12 2 1
4479 9 2 1
4894 10 3 1
2287 11 2 1
2901 12 1 1
3735 9 1 1
739 10 2 1
822 11 1 1
3214 12 0 1
3826 9 0 1
3999 10 1 1
4211 11 0 1
517 10 0 1
