9108
9097
9014
9049
9052
9012
8995
9046
9077
9062
9066
9037
8965
8988
9097
9028
9036
9028
8943
9029
9034
9063
8963
9021
8961
9058
9018
9045
8973
8973
8976
8946
9100
9085
9078
9069
9091
9062
9033
9034
9012
9066
9080
9027
8905
9044
9101
9020
9027
9109
8989
9007
8998
9018
9086
9006
9040
9035
9008
8982
8928
9064
9012
9055
9057
9021
9057
9105
9008
9026
8940
9010
9068
8999
9154
8932
9065
9057
9050
9100
9034
9037
9027
9061
9134
8977
9010
9127
9014
9034
9046
9019
8956
9136
9118
9091
9041
8995
8950
9025
